Framenumber;Time [s];Video pixel (X) [px];Video pixel (Y) [px];X position [cm];Y position [cm];Distance [cm];Distance in x-direction [cm];Distance in y-direction [cm];Length [cm];Length in x-Direction [cm];Length in y-Direction [cm];Velocity [cm/s];Velocity in x-direction [cm/s];Velocity in y-direction [cm/s];Acceleration [cm/s²];Acceleration in x-Direction [cm/s²];Acceleration in y-Direction [cm/s²];
1;0.04;214;377;2.52;1.31;0.2;0.19;0.07;0.2;0.19;0.07;5.09;4.76;1.79;-8.1;0;-44.64;
2;0.08;222;380;2.71;1.38;0.57;0.57;0;0.77;0.76;0.07;4.76;4.76;0;6.65;4.96;-12.4;
6;0.2;246;380;3.29;1.38;0.44;0.43;-0.12;1.22;1.19;-0.05;5.56;5.36;-1.49;9.9;12.4;21.08;
8;0.28;264;375;3.71;1.26;0.76;0.76;0.02;1.98;1.95;-0.02;6.35;6.35;0.2;-5.55;-5.79;-6.61;
11;0.4;296;376;4.48;1.29;0.45;0.45;-0.05;2.44;2.4;-0.07;5.69;5.65;-0.6;0.89;1.24;9.92;
13;0.48;315;374;4.93;1.24;0.69;0.69;0.02;3.13;3.1;-0.05;5.76;5.75;0.2;-0.27;-0.83;-9.09;
16;0.6;344;375;5.62;1.26;0.46;0.45;-0.07;3.59;3.55;-0.12;5.72;5.65;-0.89;3.01;3.72;16.12;
18;0.68;363;372;6.07;1.19;0.72;0.71;0.05;4.3;4.26;-0.07;5.97;5.95;0.4;-2.33;-2.48;-8.27;
21;0.8;393;374;6.79;1.24;0.45;0.45;-0.05;4.76;4.71;-0.12;5.69;5.65;-0.6;3.33;3.72;7.44;
23;0.88;412;372;7.24;1.19;0.71;0.71;0;5.47;5.43;-0.12;5.95;5.95;0;0.25;0;-4.96;
26;1;442;372;7.95;1.19;0.48;0.48;-0.05;5.95;5.9;-0.17;5.98;5.95;-0.6;-0.21;0;12.4;
28;1.08;462;370;8.43;1.14;0.72;0.71;0.05;6.67;6.62;-0.12;5.97;5.95;0.4;-2.53;-2.48;-5.79;
31;1.2;492;372;9.14;1.19;0.45;0.45;-0.02;7.12;7.07;-0.14;5.66;5.65;-0.3;6.14;6.2;6.2;
33;1.28;511;371;9.6;1.17;0.74;0.74;0.02;7.86;7.81;-0.12;6.15;6.15;0.2;-6.37;-6.61;-6.61;
36;1.4;542;372;10.33;1.19;0.43;0.43;-0.05;8.29;8.24;-0.17;5.39;5.36;-0.6;5.6;5.95;4.46;
38;1.48;560;370;10.76;1.14;1.17;1.17;-0.05;9.46;9.4;-0.21;5.84;5.83;-0.24;0.59;0.6;2.18;
43;1.68;609;368;11.93;1.1;0.71;0.71;0.02;10.17;10.12;-0.19;5.96;5.95;0.2;-2.44;-2.48;-4.13;
46;1.8;639;369;12.64;1.12;0.45;0.45;-0.02;10.62;10.57;-0.21;5.66;5.65;-0.3;3.66;3.72;1.24;
48;1.88;658;368;13.1;1.1;0.71;0.71;-0.02;11.34;11.29;-0.24;5.96;5.95;-0.2;-2.51;-2.48;1.65;
51;2;688;367;13.81;1.07;0.45;0.45;0;11.79;11.74;-0.24;5.65;5.65;0;3.72;3.72;0;
53;2.08;707;367;14.26;1.07;0.71;0.71;0;12.5;12.45;-0.24;5.95;5.95;0;0.25;0;-4.96;
56;2.2;737;367;14.98;1.07;0.48;0.48;-0.05;12.98;12.93;-0.29;5.98;5.95;-0.6;-1.84;-1.49;8.93;
58;2.28;757;365;15.45;1.02;1.17;1.17;0.02;14.15;14.1;-0.26;5.83;5.83;0.12;-24.7;-24.7;-0.89;
63;2.48;806;366;16.62;1.05;0.36;0.36;-0.02;14.51;14.45;-0.29;0.89;0.89;-0.06;0.29;0.25;0.64;
73;2.88;821;365;16.98;1.02;0.12;0.12;0.02;14.63;14.57;-0.26;1.01;0.99;0.2;-0.49;-0.33;-1.65;
76;3;826;366;17.1;1.05;0.19;0.19;0;14.82;14.76;-0.26;0.95;0.95;0;3.78;3.74;-0.85;
81;3.2;834;366;17.29;1.05;0.48;0.48;-0.05;15.3;15.24;-0.31;1.71;1.7;-0.17;0.43;0.3;2.02;
88;3.48;854;364;17.76;1;0.22;0.21;0.05;15.52;15.45;-0.26;1.83;1.79;0.4;-0.16;0;-5.79;
91;3.6;863;366;17.98;1.05;0.14;0.14;-0.02;15.66;15.6;-0.29;1.81;1.79;-0.3;-0.31;0;3.72;
93;3.68;869;365;18.12;1.02;0.21;0.21;0;15.88;15.81;-0.29;1.79;1.79;0;0;0;0;
96;3.8;878;365;18.33;1.02;0.36;0.36;0;16.23;16.17;-0.29;1.79;1.79;0;0;0;0;
101;4;893;365;18.69;1.02;0.36;0.36;0;16.59;16.52;-0.29;1.79;1.79;0;0;0;0;
106;4.2;908;365;19.05;1.02;0.36;0.36;0;16.95;16.88;-0.29;1.79;1.79;0;-0.3;-0.3;0;
111;4.4;923;365;19.4;1.02;0.69;0.69;0;17.64;17.57;-0.29;1.73;1.73;0;0.15;0.15;-0.15;
121;4.8;952;365;20.1;1.02;0.71;0.71;-0.02;18.35;18.29;-0.31;1.79;1.79;-0.06;-0.3;-0.3;0.15;
131;5.2;982;364;20.81;1;0.33;0.33;0;18.69;18.62;-0.31;1.67;1.67;0;0.62;0.6;0.6;
136;5.4;996;364;21.14;1;0.36;0.36;0.02;19.04;18.98;-0.29;1.79;1.79;0.12;-0.31;-0.3;-0.89;
141;5.6;1011;365;21.5;1.02;0.69;0.69;-0.02;19.74;19.67;-0.31;1.73;1.73;-0.06;0.16;0.15;-0.15;
151;6;1040;364;22.19;1;0.36;0.36;-0.02;20.09;20.02;-0.33;1.79;1.79;-0.12;-0.62;-0.6;0.6;
156;6.2;1055;363;22.55;0.98;0.33;0.33;0;20.43;20.36;-0.33;1.67;1.67;0;0.62;0.6;0.6;
161;6.4;1069;363;22.88;0.98;0.36;0.36;0.02;20.78;20.71;-0.31;1.79;1.79;0.12;-0.53;-0.6;-1.79;
166;6.6;1084;364;23.24;1;0.34;0.33;-0.05;21.12;21.05;-0.36;1.68;1.67;-0.24;-0.06;0;1.79;
171;6.8;1098;362;23.57;0.95;0.33;0.33;0.02;21.46;21.38;-0.33;1.67;1.67;0.12;0;0;-1.19;
176;7;1112;363;23.9;0.98;0.33;0.33;-0.02;21.79;21.71;-0.36;1.67;1.67;-0.12;-0.02;0;0.6;
181;7.2;1126;362;24.24;0.95;0.33;0.33;0;22.12;22.05;-0.36;1.67;1.67;0;0.4;0.4;0;
186;7.4;1140;362;24.57;0.95;1.05;1.05;0;23.17;23.09;-0.36;1.75;1.75;0;-0.38;-0.43;-0.5;
201;8;1184;362;25.62;0.95;0.12;0.12;-0.02;23.29;23.21;-0.38;1.52;1.49;-0.3;0;0;0;
203;8.08;1189;361;25.74;0.93;0;0;0;0;0;0;0;0;0;0;0;0;
